100
4609 64949 8
1209 371972 7
1516 476245 5
3207 523325 2
7597 115191 5
9286 976503 2
4370 274443 1
5630 555906 6
2428 914457 2
6760 325542 7
7977 626769 9
3491 376189 1
6916 519450 6
352 116029 3
5992 237133 9
3725 832955 1
21345 4441283 13
0 1000000000000000000 1
5579 763362 2
7075 952308 3
1108 708286 6
4766 385349 3
3568 887100 8
2519 171840 3
8984 321196 7
6574 530230 2
3976 759716 7
1363 123520 8
8145 485026 9
6673 645665 9
1002 914907 8
8229 384684 2
9332 549970 6
2433 588437 7
1396 974496 5
121 131 1
6311 744038 5
39 1000000 3
5811 811662 1
0 1000000000000000000 1000000000
7668 468727 8
2789 205886 5
999 99999 78788
9352 507517 9
1329 665400 3
1712 931656 3
22322 22322 1
2871 611476 1
121 132 1
646 753992 3
8621 305784 1
6366 921028 2
3748 207521 4
1000000000 1000000000000000000 1
4153 196591 1
2791 674701 5
258 978067 6
9628 221919 9
8135 346033 4
8892 186601 5
2590 45700 5
7558 716225 8
9046 160519 7
2965 769993 4
701 837097 8
9324 755359 1
2035 587687 6
5649 246089 1
0 100 2
886 56750 8
5272 393026 2
7243 39232 6
2228 961000 6
2499 989424 7
4945 279540 7
6153 882984 8
4131 988357 1
1813 539974 3
9929 160753 4
100000 1000000000000000000 3
1616 875376 6
4401 792858 5
10 22322 2
1033 109791 2
8764 690922 4
8483 164651 3
121 121 11
9597 30751 2
3901 458931 4
8989 909410 5
9385 146808 1
2684 313879 3
1551 635917 7
490 499674 1
0 132 1
3286 977701 4
34432 9999920 222
5759 165757 6
3376 156586 6
9523 81976 5
